#z = 5000
-6.000 1.000
-5.988 1.000
-5.976 1.000
-5.964 1.000
-5.952 1.000
-5.940 1.000
-5.928 1.000
-5.916 1.000
-5.904 1.000
-5.892 1.000
-5.880 1.000
-5.868 1.000
-5.856 1.000
-5.844 1.000
-5.832 1.000
-5.820 1.000
-5.808 1.000
-5.796 1.000
-5.784 1.000
-5.772 1.000
-5.760 1.000
-5.748 1.000
-5.736 1.000
-5.724 1.000
-5.712 1.000
-5.700 1.000
-5.688 1.000
-5.676 1.000
-5.664 1.000
-5.652 1.000
-5.640 1.000
-5.628 1.000
-5.616 1.000
-5.604 1.000
-5.592 1.000
-5.580 1.000
-5.568 1.000
-5.556 1.000
-5.544 1.000
-5.532 1.000
-5.520 1.000
-5.508 1.000
-5.496 1.000
-5.484 1.000
-5.472 1.000
-5.460 1.000
-5.448 1.000
-5.436 1.000
-5.424 1.000
-5.412 1.000
-5.400 1.000
-5.388 1.000
-5.376 1.000
-5.364 1.000
-5.352 1.000
-5.340 1.000
-5.328 1.000
-5.316 1.000
-5.304 1.000
-5.292 1.000
-5.280 1.000
-5.268 1.000
-5.256 1.000
-5.244 1.000
-5.232 1.000
-5.220 1.000
-5.208 1.000
-5.196 1.000
-5.184 1.000
-5.172 1.000
-5.160 1.000
-5.148 1.000
-5.136 1.000
-5.124 1.000
-5.112 1.000
-5.100 1.000
-5.088 1.000
-5.076 1.000
-5.064 1.000
-5.052 1.000
-5.040 1.000
-5.028 1.000
-5.016 1.000
-5.004 1.000
-4.992 1.000
-4.980 1.000
-4.968 1.000
-4.956 1.000
-4.944 1.000
-4.932 1.000
-4.920 1.000
-4.908 1.000
-4.896 1.000
-4.884 1.000
-4.872 1.000
-4.860 1.000
-4.848 1.000
-4.836 1.000
-4.824 1.000
-4.812 1.000
-4.800 1.000
-4.788 1.000
-4.776 1.000
-4.764 1.000
-4.752 1.000
-4.740 1.000
-4.728 1.000
-4.716 1.000
-4.704 1.000
-4.692 1.000
-4.680 1.000
-4.668 1.000
-4.656 1.000
-4.644 1.000
-4.632 1.000
-4.620 1.000
-4.608 1.000
-4.596 1.000
-4.584 1.000
-4.572 1.000
-4.560 1.000
-4.548 1.000
-4.536 1.000
-4.524 1.000
-4.512 1.000
-4.500 1.000
-4.488 1.000
-4.476 1.000
-4.464 1.000
-4.452 1.000
-4.440 1.000
-4.428 1.000
-4.416 1.000
-4.404 1.000
-4.392 1.000
-4.380 1.000
-4.368 1.000
-4.356 1.000
-4.344 1.000
-4.332 1.000
-4.320 1.000
-4.308 1.000
-4.296 1.000
-4.284 1.000
-4.272 1.000
-4.260 1.000
-4.248 1.000
-4.236 1.000
-4.224 1.000
-4.212 1.000
-4.200 1.000
-4.188 1.000
-4.176 1.000
-4.164 1.000
-4.152 1.000
-4.140 1.000
-4.128 1.000
-4.116 1.000
-4.104 1.000
-4.092 1.000
-4.080 1.000
-4.068 1.000
-4.056 1.000
-4.044 1.000
-4.032 1.000
-4.020 1.000
-4.008 1.000
-3.996 1.000
-3.984 1.000
-3.972 1.000
-3.960 1.000
-3.948 1.000
-3.936 1.000
-3.924 1.000
-3.912 1.000
-3.900 1.000
-3.888 1.000
-3.876 1.000
-3.864 1.000
-3.852 1.000
-3.840 1.000
-3.828 1.000
-3.816 1.000
-3.804 1.000
-3.792 1.000
-3.780 1.000
-3.768 1.000
-3.756 1.000
-3.744 1.000
-3.732 1.000
-3.720 1.000
-3.708 1.000
-3.696 1.000
-3.684 1.000
-3.672 1.000
-3.660 1.000
-3.648 1.000
-3.636 1.000
-3.624 1.000
-3.612 1.000
-3.600 1.000
-3.588 1.000
-3.576 1.000
-3.564 1.000
-3.552 1.000
-3.540 1.000
-3.528 1.000
-3.516 1.000
-3.504 1.000
-3.492 1.000
-3.480 1.000
-3.468 1.000
-3.456 1.000
-3.444 1.000
-3.432 1.000
-3.420 1.000
-3.408 1.000
-3.396 1.000
-3.384 1.000
-3.372 1.000
-3.360 1.000
-3.348 1.000
-3.336 1.000
-3.324 1.000
-3.312 1.000
-3.300 1.000
-3.288 1.000
-3.276 1.000
-3.264 1.000
-3.252 1.000
-3.240 1.000
-3.228 1.000
-3.216 1.000
-3.204 1.000
-3.192 1.000
-3.180 1.000
-3.168 1.000
-3.156 1.000
-3.144 1.000
-3.132 1.000
-3.120 1.000
-3.108 1.000
-3.096 1.000
-3.084 1.000
-3.072 1.000
-3.060 1.000
-3.048 1.000
-3.036 1.000
-3.024 1.000
-3.012 1.000
-3.000 1.000
-2.988 1.000
-2.976 1.000
-2.964 1.000
-2.952 1.000
-2.940 1.000
-2.928 1.000
-2.916 1.000
-2.904 1.000
-2.892 1.000
-2.880 1.000
-2.868 1.000
-2.856 1.000
-2.844 1.000
-2.832 1.000
-2.820 1.000
-2.808 1.000
-2.796 1.000
-2.784 1.000
-2.772 1.000
-2.760 1.000
-2.748 1.000
-2.736 1.000
-2.724 1.000
-2.712 1.000
-2.700 1.000
-2.688 1.000
-2.676 1.000
-2.664 1.000
-2.652 1.000
-2.640 1.000
-2.628 1.000
-2.616 1.000
-2.604 1.000
-2.592 1.000
-2.580 1.000
-2.568 1.000
-2.556 1.000
-2.544 1.000
-2.532 1.000
-2.520 1.000
-2.508 1.000
-2.496 1.000
-2.484 1.000
-2.472 1.000
-2.460 1.000
-2.448 1.000
-2.436 1.000
-2.424 1.000
-2.412 1.000
-2.400 1.000
-2.388 1.000
-2.376 1.000
-2.364 1.000
-2.352 1.000
-2.340 1.000
-2.328 1.000
-2.316 1.000
-2.304 1.000
-2.292 1.000
-2.280 1.000
-2.268 1.000
-2.256 1.000
-2.244 1.000
-2.232 1.000
-2.220 1.000
-2.208 1.000
-2.196 1.000
-2.184 1.000
-2.172 1.000
-2.160 1.000
-2.148 1.000
-2.136 1.000
-2.124 1.000
-2.112 1.000
-2.100 1.000
-2.088 1.000
-2.076 1.000
-2.064 1.000
-2.052 1.000
-2.040 1.000
-2.028 1.000
-2.016 1.000
-2.004 1.000
-1.992 1.000
-1.980 1.000
-1.968 1.000
-1.956 1.000
-1.944 1.000
-1.932 1.000
-1.920 1.000
-1.908 1.000
-1.896 1.000
-1.884 0.999
-1.872 0.999
-1.860 0.999
-1.848 0.999
-1.836 0.999
-1.824 0.999
-1.812 0.999
-1.800 0.999
-1.788 0.999
-1.776 0.999
-1.764 0.999
-1.752 0.999
-1.740 0.999
-1.728 0.999
-1.716 0.999
-1.704 0.999
-1.692 0.999
-1.680 0.999
-1.668 0.999
-1.656 0.999
-1.644 0.999
-1.632 0.999
-1.620 0.999
-1.608 0.999
-1.596 0.999
-1.584 0.999
-1.572 0.999
-1.560 0.999
-1.548 0.999
-1.536 0.999
-1.524 0.999
-1.512 0.999
-1.500 0.999
-1.488 0.999
-1.476 0.999
-1.464 0.999
-1.452 0.999
-1.440 0.999
-1.428 0.999
-1.416 0.999
-1.404 0.999
-1.392 0.999
-1.380 0.999
-1.368 0.999
-1.356 0.999
-1.344 0.999
-1.332 0.999
-1.320 0.999
-1.308 0.998
-1.296 0.998
-1.284 0.998
-1.272 0.998
-1.260 0.998
-1.248 0.998
-1.236 0.998
-1.224 0.998
-1.212 0.998
-1.200 0.998
-1.188 0.998
-1.176 0.998
-1.164 0.998
-1.152 0.998
-1.140 0.998
-1.128 0.998
-1.116 0.998
-1.104 0.998
-1.092 0.998
-1.080 0.998
-1.068 0.998
-1.056 0.998
-1.044 0.998
-1.032 0.997
-1.020 0.997
-1.008 0.997
-0.996 0.997
-0.984 0.997
-0.972 0.997
-0.960 0.997
-0.948 0.997
-0.936 0.997
-0.924 0.997
-0.912 0.997
-0.900 0.997
-0.888 0.997
-0.876 0.997
-0.864 0.996
-0.852 0.996
-0.840 0.996
-0.828 0.996
-0.816 0.996
-0.804 0.996
-0.792 0.996
-0.780 0.996
-0.768 0.996
-0.756 0.996
-0.744 0.996
-0.732 0.996
-0.720 0.995
-0.708 0.995
-0.696 0.995
-0.684 0.995
-0.672 0.995
-0.660 0.995
-0.648 0.995
-0.636 0.995
-0.624 0.994
-0.612 0.994
-0.600 0.994
-0.588 0.994
-0.576 0.994
-0.564 0.994
-0.552 0.994
-0.540 0.994
-0.528 0.993
-0.516 0.993
-0.504 0.993
-0.492 0.993
-0.480 0.993
-0.468 0.993
-0.456 0.992
-0.444 0.992
-0.432 0.992
-0.420 0.992
-0.408 0.992
-0.396 0.992
-0.384 0.991
-0.372 0.991
-0.360 0.991
-0.348 0.991
-0.336 0.991
-0.324 0.990
-0.312 0.990
-0.300 0.990
-0.288 0.990
-0.276 0.989
-0.264 0.989
-0.252 0.989
-0.240 0.989
-0.228 0.988
-0.216 0.988
-0.204 0.988
-0.192 0.988
-0.180 0.987
-0.168 0.987
-0.156 0.987
-0.144 0.986
-0.132 0.986
-0.120 0.986
-0.108 0.985
-0.096 0.985
-0.084 0.985
-0.072 0.984
-0.060 0.984
-0.048 0.984
-0.036 0.983
-0.024 0.983
-0.012 0.983
-0.000 0.982
0.012 0.982
0.024 0.981
0.036 0.981
0.048 0.981
0.060 0.980
0.072 0.980
0.084 0.979
0.096 0.979
0.108 0.978
0.120 0.978
0.132 0.977
0.144 0.977
0.156 0.976
0.168 0.976
0.180 0.975
0.192 0.975
0.204 0.974
0.216 0.974
0.228 0.973
0.240 0.972
0.252 0.972
0.264 0.971
0.276 0.970
0.288 0.970
0.300 0.969
0.312 0.968
0.324 0.968
0.336 0.967
0.348 0.966
0.360 0.966
0.372 0.965
0.384 0.964
0.396 0.963
0.408 0.962
0.420 0.962
0.432 0.961
0.444 0.960
0.456 0.959
0.468 0.958
0.480 0.957
0.492 0.956
0.504 0.955
0.516 0.954
0.528 0.953
0.540 0.952
0.552 0.951
0.564 0.950
0.576 0.949
0.588 0.948
0.600 0.947
0.612 0.946
0.624 0.944
0.636 0.943
0.648 0.942
0.660 0.941
0.672 0.939
0.684 0.938
0.696 0.937
0.708 0.935
0.720 0.934
0.732 0.933
0.744 0.931
0.756 0.930
0.768 0.928
0.780 0.927
0.792 0.925
0.804 0.924
0.816 0.922
0.828 0.920
0.840 0.919
0.852 0.917
0.864 0.915
0.876 0.913
0.888 0.912
0.900 0.910
0.912 0.908
0.924 0.906
0.936 0.904
0.948 0.902
0.960 0.900
0.972 0.898
0.984 0.896
0.996 0.894
1.008 0.891
1.020 0.889
1.032 0.887
1.044 0.885
1.056 0.882
1.068 0.880
1.080 0.878
1.092 0.875
1.104 0.873
1.116 0.870
1.128 0.867
1.140 0.865
1.152 0.862
1.164 0.859
1.176 0.857
1.188 0.854
1.200 0.851
1.212 0.848
1.224 0.845
1.236 0.842
1.248 0.839
1.260 0.836
1.272 0.833
1.284 0.830
1.296 0.826
1.308 0.823
1.320 0.820
1.332 0.816
1.344 0.813
1.356 0.809
1.368 0.806
1.380 0.802
1.392 0.799
1.404 0.795
1.416 0.791
1.428 0.788
1.440 0.784
1.452 0.780
1.464 0.776
1.476 0.772
1.488 0.768
1.500 0.764
1.512 0.760
1.524 0.756
1.536 0.751
1.548 0.747
1.560 0.743
1.572 0.738
1.584 0.734
1.596 0.730
1.608 0.725
1.620 0.720
1.632 0.716
1.644 0.711
1.656 0.707
1.668 0.702
1.680 0.697
1.692 0.692
1.704 0.687
1.716 0.682
1.728 0.677
1.740 0.673
1.752 0.667
1.764 0.662
1.776 0.657
1.788 0.652
1.800 0.647
1.812 0.642
1.824 0.637
1.836 0.631
1.848 0.626
1.860 0.621
1.872 0.615
1.884 0.610
1.896 0.604
1.908 0.599
1.920 0.594
1.932 0.588
1.944 0.583
1.956 0.577
1.968 0.571
1.980 0.566
1.992 0.560
2.004 0.555
2.016 0.549
2.028 0.543
2.040 0.538
2.052 0.532
2.064 0.526
2.076 0.521
2.088 0.515
2.100 0.509
2.112 0.504
2.124 0.498
2.136 0.492
2.148 0.487
2.160 0.481
2.172 0.475
2.184 0.470
2.196 0.464
2.208 0.458
2.220 0.453
2.232 0.447
2.244 0.442
2.256 0.436
2.268 0.430
2.280 0.425
2.292 0.419
2.304 0.414
2.316 0.408
2.328 0.403
2.340 0.397
2.352 0.392
2.364 0.387
2.376 0.381
2.388 0.376
2.400 0.370
2.412 0.365
2.424 0.360
2.436 0.355
2.448 0.350
2.460 0.344
2.472 0.339
2.484 0.334
2.496 0.329
2.508 0.324
2.520 0.319
2.532 0.314
2.544 0.309
2.556 0.305
2.568 0.300
2.580 0.295
2.592 0.290
2.604 0.286
2.616 0.281
2.628 0.276
2.640 0.272
2.652 0.268
2.664 0.263
2.676 0.259
2.688 0.254
2.700 0.250
2.712 0.246
2.724 0.242
2.736 0.238
2.748 0.233
2.760 0.229
2.772 0.225
2.784 0.221
2.796 0.218
2.808 0.214
2.820 0.210
2.832 0.206
2.844 0.202
2.856 0.199
2.868 0.195
2.880 0.192
2.892 0.188
2.904 0.185
2.916 0.181
2.928 0.178
2.940 0.175
2.952 0.171
2.964 0.168
2.976 0.165
2.988 0.162
3.000 0.159
3.012 0.156
3.024 0.153
3.036 0.150
3.048 0.147
3.060 0.144
3.072 0.142
3.084 0.139
3.096 0.136
3.108 0.133
3.120 0.131
3.132 0.128
3.144 0.126
3.156 0.123
3.168 0.121
3.180 0.118
3.192 0.116
3.204 0.114
3.216 0.112
3.228 0.109
3.240 0.107
3.252 0.105
3.264 0.103
3.276 0.101
3.288 0.099
3.300 0.097
3.312 0.095
3.324 0.093
3.336 0.091
3.348 0.089
3.360 0.087
3.372 0.085
3.384 0.084
3.396 0.082
3.408 0.080
3.420 0.079
3.432 0.077
3.444 0.075
3.456 0.074
3.468 0.072
3.480 0.071
3.492 0.069
3.504 0.068
3.516 0.066
3.528 0.065
3.540 0.064
3.552 0.062
3.564 0.061
3.576 0.060
3.588 0.058
3.600 0.057
3.612 0.056
3.624 0.055
3.636 0.054
3.648 0.052
3.660 0.051
3.672 0.050
3.684 0.049
3.696 0.048
3.708 0.047
3.720 0.046
3.732 0.045
3.744 0.044
3.756 0.043
3.768 0.042
3.780 0.041
3.792 0.040
3.804 0.040
3.816 0.039
3.828 0.038
3.840 0.037
3.852 0.036
3.864 0.035
3.876 0.035
3.888 0.034
3.900 0.033
3.912 0.033
3.924 0.032
3.936 0.031
3.948 0.030
3.960 0.030
3.972 0.029
3.984 0.028
3.996 0.028
4.008 0.027
4.020 0.027
4.032 0.026
4.044 0.026
4.056 0.025
4.068 0.024
4.080 0.024
4.092 0.023
4.104 0.023
4.116 0.022
4.128 0.022
4.140 0.021
4.152 0.021
4.164 0.020
4.176 0.020
4.188 0.020
4.200 0.019
4.212 0.019
4.224 0.018
4.236 0.018
4.248 0.017
4.260 0.017
4.272 0.017
4.284 0.016
4.296 0.016
4.308 0.016
4.320 0.015
4.332 0.015
4.344 0.015
4.356 0.014
4.368 0.014
4.380 0.014
4.392 0.013
4.404 0.013
4.416 0.013
4.428 0.012
4.440 0.012
4.452 0.012
4.464 0.012
4.476 0.011
4.488 0.011
4.500 0.011
4.512 0.011
4.524 0.010
4.536 0.010
4.548 0.010
4.560 0.010
4.572 0.010
4.584 0.009
4.596 0.009
4.608 0.009
4.620 0.009
4.632 0.009
4.644 0.008
4.656 0.008
4.668 0.008
4.680 0.008
4.692 0.008
4.704 0.007
4.716 0.007
4.728 0.007
4.740 0.007
4.752 0.007
4.764 0.007
4.776 0.007
4.788 0.006
4.800 0.006
4.812 0.006
4.824 0.006
4.836 0.006
4.848 0.006
4.860 0.006
4.872 0.005
4.884 0.005
4.896 0.005
4.908 0.005
4.920 0.005
4.932 0.005
4.944 0.005
4.956 0.005
4.968 0.005
4.980 0.004
4.992 0.004
5.004 0.004
5.016 0.004
5.028 0.004
5.040 0.004
5.052 0.004
5.064 0.004
5.076 0.004
5.088 0.004
5.100 0.004
5.112 0.003
5.124 0.003
5.136 0.003
5.148 0.003
5.160 0.003
5.172 0.003
5.184 0.003
5.196 0.003
5.208 0.003
5.220 0.003
5.232 0.003
5.244 0.003
5.256 0.003
5.268 0.003
5.280 0.003
5.292 0.002
5.304 0.002
5.316 0.002
5.328 0.002
5.340 0.002
5.352 0.002
5.364 0.002
5.376 0.002
5.388 0.002
5.400 0.002
5.412 0.002
5.424 0.002
5.436 0.002
5.448 0.002
5.460 0.002
5.472 0.002
5.484 0.002
5.496 0.002
5.508 0.002
5.520 0.002
5.532 0.002
5.544 0.002
5.556 0.001
5.568 0.001
5.580 0.001
5.592 0.001
5.604 0.001
5.616 0.001
5.628 0.001
5.640 0.001
5.652 0.001
5.664 0.001
5.676 0.001
5.688 0.001
5.700 0.001
5.712 0.001
5.724 0.001
5.736 0.001
5.748 0.001
5.760 0.001
5.772 0.001
5.784 0.001
5.796 0.001
5.808 0.001
5.820 0.001
5.832 0.001
5.844 0.001
5.856 0.001
5.868 0.001
5.880 0.001
5.892 0.001
5.904 0.001
5.916 0.001
5.928 0.001
5.940 0.001
5.952 0.001
5.964 0.001
5.976 0.001
5.988 0.001
6.000 0.001
