#z = 10000
-6.000 1.000
-5.988 1.000
-5.976 1.000
-5.964 1.000
-5.952 1.000
-5.940 1.000
-5.928 1.000
-5.916 1.000
-5.904 0.999
-5.892 0.999
-5.880 0.999
-5.868 0.999
-5.856 0.999
-5.844 0.999
-5.832 0.999
-5.820 0.999
-5.808 0.999
-5.796 0.999
-5.784 0.999
-5.772 0.999
-5.760 0.999
-5.748 0.999
-5.736 0.999
-5.724 0.999
-5.712 0.999
-5.700 0.999
-5.688 0.999
-5.676 0.999
-5.664 0.999
-5.652 0.999
-5.640 0.999
-5.628 0.999
-5.616 0.999
-5.604 0.999
-5.592 0.999
-5.580 0.999
-5.568 0.999
-5.556 0.999
-5.544 0.999
-5.532 0.999
-5.520 0.999
-5.508 0.999
-5.496 0.999
-5.484 0.999
-5.472 0.999
-5.460 0.999
-5.448 0.999
-5.436 0.999
-5.424 0.999
-5.412 0.999
-5.400 0.999
-5.388 0.999
-5.376 0.999
-5.364 0.999
-5.352 0.999
-5.340 0.999
-5.328 0.999
-5.316 0.999
-5.304 0.999
-5.292 0.999
-5.280 0.999
-5.268 0.999
-5.256 0.999
-5.244 0.999
-5.232 0.999
-5.220 0.999
-5.208 0.999
-5.196 0.999
-5.184 0.999
-5.172 0.999
-5.160 0.999
-5.148 0.999
-5.136 0.999
-5.124 0.999
-5.112 0.999
-5.100 0.999
-5.088 0.999
-5.076 0.999
-5.064 0.999
-5.052 0.999
-5.040 0.999
-5.028 0.999
-5.016 0.999
-5.004 0.999
-4.992 0.999
-4.980 0.999
-4.968 0.999
-4.956 0.999
-4.944 0.999
-4.932 0.999
-4.920 0.999
-4.908 0.999
-4.896 0.999
-4.884 0.999
-4.872 0.999
-4.860 0.999
-4.848 0.999
-4.836 0.999
-4.824 0.999
-4.812 0.999
-4.800 0.999
-4.788 0.999
-4.776 0.999
-4.764 0.999
-4.752 0.999
-4.740 0.998
-4.728 0.998
-4.716 0.998
-4.704 0.998
-4.692 0.998
-4.680 0.998
-4.668 0.998
-4.656 0.998
-4.644 0.998
-4.632 0.998
-4.620 0.998
-4.608 0.998
-4.596 0.998
-4.584 0.998
-4.572 0.998
-4.560 0.998
-4.548 0.998
-4.536 0.998
-4.524 0.998
-4.512 0.998
-4.500 0.998
-4.488 0.998
-4.476 0.998
-4.464 0.998
-4.452 0.998
-4.440 0.998
-4.428 0.998
-4.416 0.998
-4.404 0.998
-4.392 0.998
-4.380 0.998
-4.368 0.998
-4.356 0.998
-4.344 0.998
-4.332 0.998
-4.320 0.998
-4.308 0.998
-4.296 0.998
-4.284 0.998
-4.272 0.998
-4.260 0.998
-4.248 0.998
-4.236 0.998
-4.224 0.998
-4.212 0.998
-4.200 0.997
-4.188 0.997
-4.176 0.997
-4.164 0.997
-4.152 0.997
-4.140 0.997
-4.128 0.997
-4.116 0.997
-4.104 0.997
-4.092 0.997
-4.080 0.997
-4.068 0.997
-4.056 0.997
-4.044 0.997
-4.032 0.997
-4.020 0.997
-4.008 0.997
-3.996 0.997
-3.984 0.997
-3.972 0.997
-3.960 0.997
-3.948 0.997
-3.936 0.997
-3.924 0.997
-3.912 0.997
-3.900 0.997
-3.888 0.997
-3.876 0.997
-3.864 0.997
-3.852 0.997
-3.840 0.996
-3.828 0.996
-3.816 0.996
-3.804 0.996
-3.792 0.996
-3.780 0.996
-3.768 0.996
-3.756 0.996
-3.744 0.996
-3.732 0.996
-3.720 0.996
-3.708 0.996
-3.696 0.996
-3.684 0.996
-3.672 0.996
-3.660 0.996
-3.648 0.996
-3.636 0.996
-3.624 0.996
-3.612 0.996
-3.600 0.996
-3.588 0.996
-3.576 0.995
-3.564 0.995
-3.552 0.995
-3.540 0.995
-3.528 0.995
-3.516 0.995
-3.504 0.995
-3.492 0.995
-3.480 0.995
-3.468 0.995
-3.456 0.995
-3.444 0.995
-3.432 0.995
-3.420 0.995
-3.408 0.995
-3.396 0.995
-3.384 0.995
-3.372 0.995
-3.360 0.994
-3.348 0.994
-3.336 0.994
-3.324 0.994
-3.312 0.994
-3.300 0.994
-3.288 0.994
-3.276 0.994
-3.264 0.994
-3.252 0.994
-3.240 0.994
-3.228 0.994
-3.216 0.994
-3.204 0.994
-3.192 0.993
-3.180 0.993
-3.168 0.993
-3.156 0.993
-3.144 0.993
-3.132 0.993
-3.120 0.993
-3.108 0.993
-3.096 0.993
-3.084 0.993
-3.072 0.993
-3.060 0.993
-3.048 0.993
-3.036 0.992
-3.024 0.992
-3.012 0.992
-3.000 0.992
-2.988 0.992
-2.976 0.992
-2.964 0.992
-2.952 0.992
-2.940 0.992
-2.928 0.992
-2.916 0.992
-2.904 0.991
-2.892 0.991
-2.880 0.991
-2.868 0.991
-2.856 0.991
-2.844 0.991
-2.832 0.991
-2.820 0.991
-2.808 0.991
-2.796 0.991
-2.784 0.990
-2.772 0.990
-2.760 0.990
-2.748 0.990
-2.736 0.990
-2.724 0.990
-2.712 0.990
-2.700 0.990
-2.688 0.990
-2.676 0.989
-2.664 0.989
-2.652 0.989
-2.640 0.989
-2.628 0.989
-2.616 0.989
-2.604 0.989
-2.592 0.989
-2.580 0.988
-2.568 0.988
-2.556 0.988
-2.544 0.988
-2.532 0.988
-2.520 0.988
-2.508 0.988
-2.496 0.988
-2.484 0.987
-2.472 0.987
-2.460 0.987
-2.448 0.987
-2.436 0.987
-2.424 0.987
-2.412 0.986
-2.400 0.986
-2.388 0.986
-2.376 0.986
-2.364 0.986
-2.352 0.986
-2.340 0.986
-2.328 0.985
-2.316 0.985
-2.304 0.985
-2.292 0.985
-2.280 0.985
-2.268 0.985
-2.256 0.984
-2.244 0.984
-2.232 0.984
-2.220 0.984
-2.208 0.984
-2.196 0.983
-2.184 0.983
-2.172 0.983
-2.160 0.983
-2.148 0.983
-2.136 0.983
-2.124 0.982
-2.112 0.982
-2.100 0.982
-2.088 0.982
-2.076 0.982
-2.064 0.981
-2.052 0.981
-2.040 0.981
-2.028 0.981
-2.016 0.980
-2.004 0.980
-1.992 0.980
-1.980 0.980
-1.968 0.980
-1.956 0.979
-1.944 0.979
-1.932 0.979
-1.920 0.979
-1.908 0.978
-1.896 0.978
-1.884 0.978
-1.872 0.978
-1.860 0.977
-1.848 0.977
-1.836 0.977
-1.824 0.977
-1.812 0.976
-1.800 0.976
-1.788 0.976
-1.776 0.976
-1.764 0.975
-1.752 0.975
-1.740 0.975
-1.728 0.974
-1.716 0.974
-1.704 0.974
-1.692 0.974
-1.680 0.973
-1.668 0.973
-1.656 0.973
-1.644 0.972
-1.632 0.972
-1.620 0.972
-1.608 0.972
-1.596 0.971
-1.584 0.971
-1.572 0.971
-1.560 0.970
-1.548 0.970
-1.536 0.970
-1.524 0.969
-1.512 0.969
-1.500 0.969
-1.488 0.968
-1.476 0.968
-1.464 0.967
-1.452 0.967
-1.440 0.967
-1.428 0.966
-1.416 0.966
-1.404 0.966
-1.392 0.965
-1.380 0.965
-1.368 0.965
-1.356 0.964
-1.344 0.964
-1.332 0.963
-1.320 0.963
-1.308 0.963
-1.296 0.962
-1.284 0.962
-1.272 0.961
-1.260 0.961
-1.248 0.960
-1.236 0.960
-1.224 0.960
-1.212 0.959
-1.200 0.959
-1.188 0.958
-1.176 0.958
-1.164 0.957
-1.152 0.957
-1.140 0.956
-1.128 0.956
-1.116 0.955
-1.104 0.955
-1.092 0.954
-1.080 0.954
-1.068 0.953
-1.056 0.953
-1.044 0.952
-1.032 0.952
-1.020 0.951
-1.008 0.951
-0.996 0.950
-0.984 0.950
-0.972 0.949
-0.960 0.949
-0.948 0.948
-0.936 0.948
-0.924 0.947
-0.912 0.946
-0.900 0.946
-0.888 0.945
-0.876 0.945
-0.864 0.944
-0.852 0.943
-0.840 0.943
-0.828 0.942
-0.816 0.942
-0.804 0.941
-0.792 0.940
-0.780 0.940
-0.768 0.939
-0.756 0.938
-0.744 0.938
-0.732 0.937
-0.720 0.936
-0.708 0.936
-0.696 0.935
-0.684 0.934
-0.672 0.934
-0.660 0.933
-0.648 0.932
-0.636 0.931
-0.624 0.931
-0.612 0.930
-0.600 0.929
-0.588 0.928
-0.576 0.928
-0.564 0.927
-0.552 0.926
-0.540 0.925
-0.528 0.925
-0.516 0.924
-0.504 0.923
-0.492 0.922
-0.480 0.921
-0.468 0.921
-0.456 0.920
-0.444 0.919
-0.432 0.918
-0.420 0.917
-0.408 0.916
-0.396 0.915
-0.384 0.915
-0.372 0.914
-0.360 0.913
-0.348 0.912
-0.336 0.911
-0.324 0.910
-0.312 0.909
-0.300 0.908
-0.288 0.907
-0.276 0.906
-0.264 0.905
-0.252 0.904
-0.240 0.903
-0.228 0.902
-0.216 0.901
-0.204 0.900
-0.192 0.899
-0.180 0.898
-0.168 0.897
-0.156 0.896
-0.144 0.895
-0.132 0.894
-0.120 0.893
-0.108 0.892
-0.096 0.891
-0.084 0.890
-0.072 0.888
-0.060 0.887
-0.048 0.886
-0.036 0.885
-0.024 0.884
-0.012 0.883
-0.000 0.882
0.012 0.880
0.024 0.879
0.036 0.878
0.048 0.877
0.060 0.875
0.072 0.874
0.084 0.873
0.096 0.872
0.108 0.870
0.120 0.869
0.132 0.868
0.144 0.867
0.156 0.865
0.168 0.864
0.180 0.863
0.192 0.861
0.204 0.860
0.216 0.858
0.228 0.857
0.240 0.856
0.252 0.854
0.264 0.853
0.276 0.851
0.288 0.850
0.300 0.849
0.312 0.847
0.324 0.846
0.336 0.844
0.348 0.843
0.360 0.841
0.372 0.840
0.384 0.838
0.396 0.836
0.408 0.835
0.420 0.833
0.432 0.832
0.444 0.830
0.456 0.829
0.468 0.827
0.480 0.825
0.492 0.824
0.504 0.822
0.516 0.820
0.528 0.819
0.540 0.817
0.552 0.815
0.564 0.814
0.576 0.812
0.588 0.810
0.600 0.808
0.612 0.807
0.624 0.805
0.636 0.803
0.648 0.801
0.660 0.799
0.672 0.798
0.684 0.796
0.696 0.794
0.708 0.792
0.720 0.790
0.732 0.788
0.744 0.786
0.756 0.784
0.768 0.782
0.780 0.781
0.792 0.779
0.804 0.777
0.816 0.775
0.828 0.773
0.840 0.771
0.852 0.769
0.864 0.767
0.876 0.765
0.888 0.762
0.900 0.760
0.912 0.758
0.924 0.756
0.936 0.754
0.948 0.752
0.960 0.750
0.972 0.748
0.984 0.746
0.996 0.743
1.008 0.741
1.020 0.739
1.032 0.737
1.044 0.735
1.056 0.732
1.068 0.730
1.080 0.728
1.092 0.726
1.104 0.724
1.116 0.721
1.128 0.719
1.140 0.717
1.152 0.714
1.164 0.712
1.176 0.710
1.188 0.707
1.200 0.705
1.212 0.703
1.224 0.700
1.236 0.698
1.248 0.695
1.260 0.693
1.272 0.691
1.284 0.688
1.296 0.686
1.308 0.683
1.320 0.681
1.332 0.678
1.344 0.676
1.356 0.673
1.368 0.671
1.380 0.668
1.392 0.666
1.404 0.663
1.416 0.661
1.428 0.658
1.440 0.656
1.452 0.653
1.464 0.650
1.476 0.648
1.488 0.645
1.500 0.643
1.512 0.640
1.524 0.637
1.536 0.635
1.548 0.632
1.560 0.630
1.572 0.627
1.584 0.624
1.596 0.622
1.608 0.619
1.620 0.616
1.632 0.613
1.644 0.611
1.656 0.608
1.668 0.605
1.680 0.603
1.692 0.600
1.704 0.597
1.716 0.594
1.728 0.592
1.740 0.589
1.752 0.586
1.764 0.583
1.776 0.581
1.788 0.578
1.800 0.575
1.812 0.572
1.824 0.570
1.836 0.567
1.848 0.564
1.860 0.561
1.872 0.558
1.884 0.556
1.896 0.553
1.908 0.550
1.920 0.547
1.932 0.544
1.944 0.542
1.956 0.539
1.968 0.536
1.980 0.533
1.992 0.530
2.004 0.527
2.016 0.525
2.028 0.522
2.040 0.519
2.052 0.516
2.064 0.513
2.076 0.510
2.088 0.508
2.100 0.505
2.112 0.502
2.124 0.499
2.136 0.496
2.148 0.493
2.160 0.491
2.172 0.488
2.184 0.485
2.196 0.482
2.208 0.479
2.220 0.476
2.232 0.474
2.244 0.471
2.256 0.468
2.268 0.465
2.280 0.462
2.292 0.459
2.304 0.457
2.316 0.454
2.328 0.451
2.340 0.448
2.352 0.445
2.364 0.443
2.376 0.440
2.388 0.437
2.400 0.434
2.412 0.431
2.424 0.429
2.436 0.426
2.448 0.423
2.460 0.420
2.472 0.417
2.484 0.415
2.496 0.412
2.508 0.409
2.520 0.406
2.532 0.404
2.544 0.401
2.556 0.398
2.568 0.396
2.580 0.393
2.592 0.390
2.604 0.387
2.616 0.385
2.628 0.382
2.640 0.379
2.652 0.377
2.664 0.374
2.676 0.371
2.688 0.369
2.700 0.366
2.712 0.363
2.724 0.361
2.736 0.358
2.748 0.356
2.760 0.353
2.772 0.350
2.784 0.348
2.796 0.345
2.808 0.343
2.820 0.340
2.832 0.338
2.844 0.335
2.856 0.333
2.868 0.330
2.880 0.327
2.892 0.325
2.904 0.323
2.916 0.320
2.928 0.318
2.940 0.315
2.952 0.313
2.964 0.310
2.976 0.308
2.988 0.305
3.000 0.303
3.012 0.301
3.024 0.298
3.036 0.296
3.048 0.293
3.060 0.291
3.072 0.289
3.084 0.286
3.096 0.284
3.108 0.282
3.120 0.280
3.132 0.277
3.144 0.275
3.156 0.273
3.168 0.270
3.180 0.268
3.192 0.266
3.204 0.264
3.216 0.262
3.228 0.259
3.240 0.257
3.252 0.255
3.264 0.253
3.276 0.251
3.288 0.249
3.300 0.247
3.312 0.244
3.324 0.242
3.336 0.240
3.348 0.238
3.360 0.236
3.372 0.234
3.384 0.232
3.396 0.230
3.408 0.228
3.420 0.226
3.432 0.224
3.444 0.222
3.456 0.220
3.468 0.218
3.480 0.216
3.492 0.214
3.504 0.212
3.516 0.211
3.528 0.209
3.540 0.207
3.552 0.205
3.564 0.203
3.576 0.201
3.588 0.199
3.600 0.198
3.612 0.196
3.624 0.194
3.636 0.192
3.648 0.191
3.660 0.189
3.672 0.187
3.684 0.185
3.696 0.184
3.708 0.182
3.720 0.180
3.732 0.179
3.744 0.177
3.756 0.175
3.768 0.174
3.780 0.172
3.792 0.170
3.804 0.169
3.816 0.167
3.828 0.166
3.840 0.164
3.852 0.162
3.864 0.161
3.876 0.159
3.888 0.158
3.900 0.156
3.912 0.155
3.924 0.153
3.936 0.152
3.948 0.151
3.960 0.149
3.972 0.148
3.984 0.146
3.996 0.145
4.008 0.143
4.020 0.142
4.032 0.141
4.044 0.139
4.056 0.138
4.068 0.137
4.080 0.135
4.092 0.134
4.104 0.133
4.116 0.131
4.128 0.130
4.140 0.129
4.152 0.127
4.164 0.126
4.176 0.125
4.188 0.124
4.200 0.122
4.212 0.121
4.224 0.120
4.236 0.119
4.248 0.118
4.260 0.116
4.272 0.115
4.284 0.114
4.296 0.113
4.308 0.112
4.320 0.111
4.332 0.110
4.344 0.109
4.356 0.107
4.368 0.106
4.380 0.105
4.392 0.104
4.404 0.103
4.416 0.102
4.428 0.101
4.440 0.100
4.452 0.099
4.464 0.098
4.476 0.097
4.488 0.096
4.500 0.095
4.512 0.094
4.524 0.093
4.536 0.092
4.548 0.091
4.560 0.090
4.572 0.089
4.584 0.088
4.596 0.088
4.608 0.087
4.620 0.086
4.632 0.085
4.644 0.084
4.656 0.083
4.668 0.082
4.680 0.081
4.692 0.081
4.704 0.080
4.716 0.079
4.728 0.078
4.740 0.077
4.752 0.076
4.764 0.076
4.776 0.075
4.788 0.074
4.800 0.073
4.812 0.073
4.824 0.072
4.836 0.071
4.848 0.070
4.860 0.070
4.872 0.069
4.884 0.068
4.896 0.067
4.908 0.067
4.920 0.066
4.932 0.065
4.944 0.065
4.956 0.064
4.968 0.063
4.980 0.063
4.992 0.062
5.004 0.061
5.016 0.061
5.028 0.060
5.040 0.059
5.052 0.059
5.064 0.058
5.076 0.057
5.088 0.057
5.100 0.056
5.112 0.056
5.124 0.055
5.136 0.054
5.148 0.054
5.160 0.053
5.172 0.053
5.184 0.052
5.196 0.052
5.208 0.051
5.220 0.050
5.232 0.050
5.244 0.049
5.256 0.049
5.268 0.048
5.280 0.048
5.292 0.047
5.304 0.047
5.316 0.046
5.328 0.046
5.340 0.045
5.352 0.045
5.364 0.044
5.376 0.044
5.388 0.043
5.400 0.043
5.412 0.042
5.424 0.042
5.436 0.042
5.448 0.041
5.460 0.041
5.472 0.040
5.484 0.040
5.496 0.039
5.508 0.039
5.520 0.038
5.532 0.038
5.544 0.038
5.556 0.037
5.568 0.037
5.580 0.036
5.592 0.036
5.604 0.036
5.616 0.035
5.628 0.035
5.640 0.034
5.652 0.034
5.664 0.034
5.676 0.033
5.688 0.033
5.700 0.033
5.712 0.032
5.724 0.032
5.736 0.032
5.748 0.031
5.760 0.031
5.772 0.031
5.784 0.030
5.796 0.030
5.808 0.030
5.820 0.029
5.832 0.029
5.844 0.029
5.856 0.028
5.868 0.028
5.880 0.028
5.892 0.027
5.904 0.027
5.916 0.027
5.928 0.026
5.940 0.026
5.952 0.026
5.964 0.026
5.976 0.025
5.988 0.025
6.000 0.025
