#z = 20000
-6.000 0.979
-5.988 0.979
-5.976 0.979
-5.964 0.979
-5.952 0.979
-5.940 0.978
-5.928 0.978
-5.916 0.978
-5.904 0.978
-5.892 0.978
-5.880 0.978
-5.868 0.978
-5.856 0.978
-5.844 0.977
-5.832 0.977
-5.820 0.977
-5.808 0.977
-5.796 0.977
-5.784 0.977
-5.772 0.977
-5.760 0.977
-5.748 0.976
-5.736 0.976
-5.724 0.976
-5.712 0.976
-5.700 0.976
-5.688 0.976
-5.676 0.976
-5.664 0.976
-5.652 0.975
-5.640 0.975
-5.628 0.975
-5.616 0.975
-5.604 0.975
-5.592 0.975
-5.580 0.975
-5.568 0.974
-5.556 0.974
-5.544 0.974
-5.532 0.974
-5.520 0.974
-5.508 0.974
-5.496 0.974
-5.484 0.973
-5.472 0.973
-5.460 0.973
-5.448 0.973
-5.436 0.973
-5.424 0.973
-5.412 0.972
-5.400 0.972
-5.388 0.972
-5.376 0.972
-5.364 0.972
-5.352 0.972
-5.340 0.972
-5.328 0.971
-5.316 0.971
-5.304 0.971
-5.292 0.971
-5.280 0.971
-5.268 0.971
-5.256 0.970
-5.244 0.970
-5.232 0.970
-5.220 0.970
-5.208 0.970
-5.196 0.970
-5.184 0.969
-5.172 0.969
-5.160 0.969
-5.148 0.969
-5.136 0.969
-5.124 0.969
-5.112 0.968
-5.100 0.968
-5.088 0.968
-5.076 0.968
-5.064 0.968
-5.052 0.968
-5.040 0.967
-5.028 0.967
-5.016 0.967
-5.004 0.967
-4.992 0.967
-4.980 0.966
-4.968 0.966
-4.956 0.966
-4.944 0.966
-4.932 0.966
-4.920 0.966
-4.908 0.965
-4.896 0.965
-4.884 0.965
-4.872 0.965
-4.860 0.965
-4.848 0.964
-4.836 0.964
-4.824 0.964
-4.812 0.964
-4.800 0.964
-4.788 0.963
-4.776 0.963
-4.764 0.963
-4.752 0.963
-4.740 0.963
-4.728 0.962
-4.716 0.962
-4.704 0.962
-4.692 0.962
-4.680 0.962
-4.668 0.961
-4.656 0.961
-4.644 0.961
-4.632 0.961
-4.620 0.960
-4.608 0.960
-4.596 0.960
-4.584 0.960
-4.572 0.960
-4.560 0.959
-4.548 0.959
-4.536 0.959
-4.524 0.959
-4.512 0.958
-4.500 0.958
-4.488 0.958
-4.476 0.958
-4.464 0.958
-4.452 0.957
-4.440 0.957
-4.428 0.957
-4.416 0.957
-4.404 0.956
-4.392 0.956
-4.380 0.956
-4.368 0.956
-4.356 0.955
-4.344 0.955
-4.332 0.955
-4.320 0.955
-4.308 0.954
-4.296 0.954
-4.284 0.954
-4.272 0.954
-4.260 0.953
-4.248 0.953
-4.236 0.953
-4.224 0.953
-4.212 0.952
-4.200 0.952
-4.188 0.952
-4.176 0.952
-4.164 0.951
-4.152 0.951
-4.140 0.951
-4.128 0.951
-4.116 0.950
-4.104 0.950
-4.092 0.950
-4.080 0.950
-4.068 0.949
-4.056 0.949
-4.044 0.949
-4.032 0.948
-4.020 0.948
-4.008 0.948
-3.996 0.948
-3.984 0.947
-3.972 0.947
-3.960 0.947
-3.948 0.946
-3.936 0.946
-3.924 0.946
-3.912 0.946
-3.900 0.945
-3.888 0.945
-3.876 0.945
-3.864 0.944
-3.852 0.944
-3.840 0.944
-3.828 0.944
-3.816 0.943
-3.804 0.943
-3.792 0.943
-3.780 0.942
-3.768 0.942
-3.756 0.942
-3.744 0.941
-3.732 0.941
-3.720 0.941
-3.708 0.940
-3.696 0.940
-3.684 0.940
-3.672 0.939
-3.660 0.939
-3.648 0.939
-3.636 0.938
-3.624 0.938
-3.612 0.938
-3.600 0.937
-3.588 0.937
-3.576 0.937
-3.564 0.936
-3.552 0.936
-3.540 0.936
-3.528 0.935
-3.516 0.935
-3.504 0.935
-3.492 0.934
-3.480 0.934
-3.468 0.934
-3.456 0.933
-3.444 0.933
-3.432 0.933
-3.420 0.932
-3.408 0.932
-3.396 0.932
-3.384 0.931
-3.372 0.931
-3.360 0.930
-3.348 0.930
-3.336 0.930
-3.324 0.929
-3.312 0.929
-3.300 0.929
-3.288 0.928
-3.276 0.928
-3.264 0.927
-3.252 0.927
-3.240 0.927
-3.228 0.926
-3.216 0.926
-3.204 0.926
-3.192 0.925
-3.180 0.925
-3.168 0.924
-3.156 0.924
-3.144 0.924
-3.132 0.923
-3.120 0.923
-3.108 0.922
-3.096 0.922
-3.084 0.922
-3.072 0.921
-3.060 0.921
-3.048 0.920
-3.036 0.920
-3.024 0.919
-3.012 0.919
-3.000 0.919
-2.988 0.918
-2.976 0.918
-2.964 0.917
-2.952 0.917
-2.940 0.916
-2.928 0.916
-2.916 0.916
-2.904 0.915
-2.892 0.915
-2.880 0.914
-2.868 0.914
-2.856 0.913
-2.844 0.913
-2.832 0.912
-2.820 0.912
-2.808 0.912
-2.796 0.911
-2.784 0.911
-2.772 0.910
-2.760 0.910
-2.748 0.909
-2.736 0.909
-2.724 0.908
-2.712 0.908
-2.700 0.907
-2.688 0.907
-2.676 0.906
-2.664 0.906
-2.652 0.905
-2.640 0.905
-2.628 0.904
-2.616 0.904
-2.604 0.903
-2.592 0.903
-2.580 0.902
-2.568 0.902
-2.556 0.901
-2.544 0.901
-2.532 0.900
-2.520 0.900
-2.508 0.899
-2.496 0.899
-2.484 0.898
-2.472 0.898
-2.460 0.897
-2.448 0.897
-2.436 0.896
-2.424 0.896
-2.412 0.895
-2.400 0.895
-2.388 0.894
-2.376 0.894
-2.364 0.893
-2.352 0.893
-2.340 0.892
-2.328 0.891
-2.316 0.891
-2.304 0.890
-2.292 0.890
-2.280 0.889
-2.268 0.889
-2.256 0.888
-2.244 0.888
-2.232 0.887
-2.220 0.886
-2.208 0.886
-2.196 0.885
-2.184 0.885
-2.172 0.884
-2.160 0.884
-2.148 0.883
-2.136 0.882
-2.124 0.882
-2.112 0.881
-2.100 0.881
-2.088 0.880
-2.076 0.879
-2.064 0.879
-2.052 0.878
-2.040 0.878
-2.028 0.877
-2.016 0.876
-2.004 0.876
-1.992 0.875
-1.980 0.874
-1.968 0.874
-1.956 0.873
-1.944 0.873
-1.932 0.872
-1.920 0.871
-1.908 0.871
-1.896 0.870
-1.884 0.869
-1.872 0.869
-1.860 0.868
-1.848 0.867
-1.836 0.867
-1.824 0.866
-1.812 0.865
-1.800 0.865
-1.788 0.864
-1.776 0.863
-1.764 0.863
-1.752 0.862
-1.740 0.861
-1.728 0.861
-1.716 0.860
-1.704 0.859
-1.692 0.859
-1.680 0.858
-1.668 0.857
-1.656 0.857
-1.644 0.856
-1.632 0.855
-1.620 0.855
-1.608 0.854
-1.596 0.853
-1.584 0.852
-1.572 0.852
-1.560 0.851
-1.548 0.850
-1.536 0.849
-1.524 0.849
-1.512 0.848
-1.500 0.847
-1.488 0.847
-1.476 0.846
-1.464 0.845
-1.452 0.844
-1.440 0.844
-1.428 0.843
-1.416 0.842
-1.404 0.841
-1.392 0.841
-1.380 0.840
-1.368 0.839
-1.356 0.838
-1.344 0.838
-1.332 0.837
-1.320 0.836
-1.308 0.835
-1.296 0.834
-1.284 0.834
-1.272 0.833
-1.260 0.832
-1.248 0.831
-1.236 0.830
-1.224 0.830
-1.212 0.829
-1.200 0.828
-1.188 0.827
-1.176 0.826
-1.164 0.826
-1.152 0.825
-1.140 0.824
-1.128 0.823
-1.116 0.822
-1.104 0.821
-1.092 0.821
-1.080 0.820
-1.068 0.819
-1.056 0.818
-1.044 0.817
-1.032 0.816
-1.020 0.816
-1.008 0.815
-0.996 0.814
-0.984 0.813
-0.972 0.812
-0.960 0.811
-0.948 0.810
-0.936 0.809
-0.924 0.809
-0.912 0.808
-0.900 0.807
-0.888 0.806
-0.876 0.805
-0.864 0.804
-0.852 0.803
-0.840 0.802
-0.828 0.801
-0.816 0.801
-0.804 0.800
-0.792 0.799
-0.780 0.798
-0.768 0.797
-0.756 0.796
-0.744 0.795
-0.732 0.794
-0.720 0.793
-0.708 0.792
-0.696 0.791
-0.684 0.790
-0.672 0.789
-0.660 0.789
-0.648 0.788
-0.636 0.787
-0.624 0.786
-0.612 0.785
-0.600 0.784
-0.588 0.783
-0.576 0.782
-0.564 0.781
-0.552 0.780
-0.540 0.779
-0.528 0.778
-0.516 0.777
-0.504 0.776
-0.492 0.775
-0.480 0.774
-0.468 0.773
-0.456 0.772
-0.444 0.771
-0.432 0.770
-0.420 0.769
-0.408 0.768
-0.396 0.767
-0.384 0.766
-0.372 0.765
-0.360 0.764
-0.348 0.763
-0.336 0.762
-0.324 0.761
-0.312 0.760
-0.300 0.759
-0.288 0.758
-0.276 0.757
-0.264 0.756
-0.252 0.755
-0.240 0.753
-0.228 0.752
-0.216 0.751
-0.204 0.750
-0.192 0.749
-0.180 0.748
-0.168 0.747
-0.156 0.746
-0.144 0.745
-0.132 0.744
-0.120 0.743
-0.108 0.742
-0.096 0.741
-0.084 0.739
-0.072 0.738
-0.060 0.737
-0.048 0.736
-0.036 0.735
-0.024 0.734
-0.012 0.733
-0.000 0.732
0.012 0.731
0.024 0.730
0.036 0.728
0.048 0.727
0.060 0.726
0.072 0.725
0.084 0.724
0.096 0.723
0.108 0.722
0.120 0.720
0.132 0.719
0.144 0.718
0.156 0.717
0.168 0.716
0.180 0.715
0.192 0.714
0.204 0.712
0.216 0.711
0.228 0.710
0.240 0.709
0.252 0.708
0.264 0.707
0.276 0.705
0.288 0.704
0.300 0.703
0.312 0.702
0.324 0.701
0.336 0.699
0.348 0.698
0.360 0.697
0.372 0.696
0.384 0.695
0.396 0.693
0.408 0.692
0.420 0.691
0.432 0.690
0.444 0.689
0.456 0.687
0.468 0.686
0.480 0.685
0.492 0.684
0.504 0.682
0.516 0.681
0.528 0.680
0.540 0.679
0.552 0.677
0.564 0.676
0.576 0.675
0.588 0.674
0.600 0.673
0.612 0.671
0.624 0.670
0.636 0.669
0.648 0.667
0.660 0.666
0.672 0.665
0.684 0.664
0.696 0.662
0.708 0.661
0.720 0.660
0.732 0.659
0.744 0.657
0.756 0.656
0.768 0.655
0.780 0.653
0.792 0.652
0.804 0.651
0.816 0.650
0.828 0.648
0.840 0.647
0.852 0.646
0.864 0.644
0.876 0.643
0.888 0.642
0.900 0.640
0.912 0.639
0.924 0.638
0.936 0.637
0.948 0.635
0.960 0.634
0.972 0.633
0.984 0.631
0.996 0.630
1.008 0.629
1.020 0.627
1.032 0.626
1.044 0.625
1.056 0.623
1.068 0.622
1.080 0.621
1.092 0.619
1.104 0.618
1.116 0.617
1.128 0.615
1.140 0.614
1.152 0.613
1.164 0.611
1.176 0.610
1.188 0.609
1.200 0.607
1.212 0.606
1.224 0.604
1.236 0.603
1.248 0.602
1.260 0.600
1.272 0.599
1.284 0.598
1.296 0.596
1.308 0.595
1.320 0.594
1.332 0.592
1.344 0.591
1.356 0.589
1.368 0.588
1.380 0.587
1.392 0.585
1.404 0.584
1.416 0.583
1.428 0.581
1.440 0.580
1.452 0.578
1.464 0.577
1.476 0.576
1.488 0.574
1.500 0.573
1.512 0.571
1.524 0.570
1.536 0.569
1.548 0.567
1.560 0.566
1.572 0.564
1.584 0.563
1.596 0.562
1.608 0.560
1.620 0.559
1.632 0.557
1.644 0.556
1.656 0.555
1.668 0.553
1.680 0.552
1.692 0.550
1.704 0.549
1.716 0.548
1.728 0.546
1.740 0.545
1.752 0.543
1.764 0.542
1.776 0.541
1.788 0.539
1.800 0.538
1.812 0.536
1.824 0.535
1.836 0.534
1.848 0.532
1.860 0.531
1.872 0.529
1.884 0.528
1.896 0.526
1.908 0.525
1.920 0.524
1.932 0.522
1.944 0.521
1.956 0.519
1.968 0.518
1.980 0.517
1.992 0.515
2.004 0.514
2.016 0.512
2.028 0.511
2.040 0.509
2.052 0.508
2.064 0.507
2.076 0.505
2.088 0.504
2.100 0.502
2.112 0.501
2.124 0.500
2.136 0.498
2.148 0.497
2.160 0.495
2.172 0.494
2.184 0.492
2.196 0.491
2.208 0.490
2.220 0.488
2.232 0.487
2.244 0.485
2.256 0.484
2.268 0.482
2.280 0.481
2.292 0.480
2.304 0.478
2.316 0.477
2.328 0.475
2.340 0.474
2.352 0.473
2.364 0.471
2.376 0.470
2.388 0.468
2.400 0.467
2.412 0.465
2.424 0.464
2.436 0.463
2.448 0.461
2.460 0.460
2.472 0.458
2.484 0.457
2.496 0.456
2.508 0.454
2.520 0.453
2.532 0.451
2.544 0.450
2.556 0.449
2.568 0.447
2.580 0.446
2.592 0.444
2.604 0.443
2.616 0.442
2.628 0.440
2.640 0.439
2.652 0.437
2.664 0.436
2.676 0.435
2.688 0.433
2.700 0.432
2.712 0.430
2.724 0.429
2.736 0.428
2.748 0.426
2.760 0.425
2.772 0.423
2.784 0.422
2.796 0.421
2.808 0.419
2.820 0.418
2.832 0.417
2.844 0.415
2.856 0.414
2.868 0.412
2.880 0.411
2.892 0.410
2.904 0.408
2.916 0.407
2.928 0.406
2.940 0.404
2.952 0.403
2.964 0.401
2.976 0.400
2.988 0.399
3.000 0.397
3.012 0.396
3.024 0.395
3.036 0.393
3.048 0.392
3.060 0.391
3.072 0.389
3.084 0.388
3.096 0.387
3.108 0.385
3.120 0.384
3.132 0.382
3.144 0.381
3.156 0.380
3.168 0.378
3.180 0.377
3.192 0.376
3.204 0.374
3.216 0.373
3.228 0.372
3.240 0.370
3.252 0.369
3.264 0.368
3.276 0.367
3.288 0.365
3.300 0.364
3.312 0.363
3.324 0.361
3.336 0.360
3.348 0.359
3.360 0.357
3.372 0.356
3.384 0.355
3.396 0.353
3.408 0.352
3.420 0.351
3.432 0.350
3.444 0.348
3.456 0.347
3.468 0.346
3.480 0.344
3.492 0.343
3.504 0.342
3.516 0.341
3.528 0.339
3.540 0.338
3.552 0.337
3.564 0.335
3.576 0.334
3.588 0.333
3.600 0.332
3.612 0.330
3.624 0.329
3.636 0.328
3.648 0.327
3.660 0.325
3.672 0.324
3.684 0.323
3.696 0.322
3.708 0.320
3.720 0.319
3.732 0.318
3.744 0.317
3.756 0.316
3.768 0.314
3.780 0.313
3.792 0.312
3.804 0.311
3.816 0.309
3.828 0.308
3.840 0.307
3.852 0.306
3.864 0.305
3.876 0.303
3.888 0.302
3.900 0.301
3.912 0.300
3.924 0.299
3.936 0.297
3.948 0.296
3.960 0.295
3.972 0.294
3.984 0.293
3.996 0.292
4.008 0.290
4.020 0.289
4.032 0.288
4.044 0.287
4.056 0.286
4.068 0.285
4.080 0.283
4.092 0.282
4.104 0.281
4.116 0.280
4.128 0.279
4.140 0.278
4.152 0.276
4.164 0.275
4.176 0.274
4.188 0.273
4.200 0.272
4.212 0.271
4.224 0.270
4.236 0.269
4.248 0.268
4.260 0.266
4.272 0.265
4.284 0.264
4.296 0.263
4.308 0.262
4.320 0.261
4.332 0.260
4.344 0.259
4.356 0.258
4.368 0.257
4.380 0.255
4.392 0.254
4.404 0.253
4.416 0.252
4.428 0.251
4.440 0.250
4.452 0.249
4.464 0.248
4.476 0.247
4.488 0.246
4.500 0.245
4.512 0.244
4.524 0.243
4.536 0.242
4.548 0.241
4.560 0.240
4.572 0.239
4.584 0.238
4.596 0.236
4.608 0.235
4.620 0.234
4.632 0.233
4.644 0.232
4.656 0.231
4.668 0.230
4.680 0.229
4.692 0.228
4.704 0.227
4.716 0.226
4.728 0.225
4.740 0.224
4.752 0.223
4.764 0.222
4.776 0.221
4.788 0.220
4.800 0.219
4.812 0.219
4.824 0.218
4.836 0.217
4.848 0.216
4.860 0.215
4.872 0.214
4.884 0.213
4.896 0.212
4.908 0.211
4.920 0.210
4.932 0.209
4.944 0.208
4.956 0.207
4.968 0.206
4.980 0.205
4.992 0.204
5.004 0.203
5.016 0.202
5.028 0.202
5.040 0.201
5.052 0.200
5.064 0.199
5.076 0.198
5.088 0.197
5.100 0.196
5.112 0.195
5.124 0.194
5.136 0.193
5.148 0.193
5.160 0.192
5.172 0.191
5.184 0.190
5.196 0.189
5.208 0.188
5.220 0.187
5.232 0.186
5.244 0.186
5.256 0.185
5.268 0.184
5.280 0.183
5.292 0.182
5.304 0.181
5.316 0.181
5.328 0.180
5.340 0.179
5.352 0.178
5.364 0.177
5.376 0.176
5.388 0.176
5.400 0.175
5.412 0.174
5.424 0.173
5.436 0.172
5.448 0.171
5.460 0.171
5.472 0.170
5.484 0.169
5.496 0.168
5.508 0.167
5.520 0.167
5.532 0.166
5.544 0.165
5.556 0.164
5.568 0.164
5.580 0.163
5.592 0.162
5.604 0.161
5.616 0.160
5.628 0.160
5.640 0.159
5.652 0.158
5.664 0.157
5.676 0.157
5.688 0.156
5.700 0.155
5.712 0.154
5.724 0.154
5.736 0.153
5.748 0.152
5.760 0.151
5.772 0.151
5.784 0.150
5.796 0.149
5.808 0.149
5.820 0.148
5.832 0.147
5.844 0.146
5.856 0.146
5.868 0.145
5.880 0.144
5.892 0.144
5.904 0.143
5.916 0.142
5.928 0.142
5.940 0.141
5.952 0.140
5.964 0.139
5.976 0.139
5.988 0.138
6.000 0.137
